1 0 0
0.94 0 0.06
0 1 0
1 0 0
1 0 0
1 0 0
0.999 0 0.001
0.997 0 0.003
1 0 0
1 0 0
1 0 0
1 0 0
0.999 0 0.001
1 0 0
1 0 0
0.999 0 0.001
1 0 0
1 0 0
1 0 0
1 0 0
0.999 0 0.001
1 0 0
0 0 1
1 0 0
0.825 0 0.175
0.296 0 0.704
0 0 1
0.997 0 0.003
0 0 1
0.894 0 0.106
0 0 1
0.023 0 0.977
0.988 0 0.012
0.982 0 0.018
0 0 1
1 0 0
0 0 1
0 0 1
0.033 0 0.967
1 0 0
0.856 0 0.144
0 0 1
0.001 0 0.999
0 0 1
0.044 0 0.956
0.001 0 0.999
0.007 0 0.993
0.066 0 0.934
0.003 0 0.997
0.035 0 0.965
1 0 0
0 0 1
0.986 0 0.014
0.015 0 0.985
0.999 0 0.001
0.65 0 0.35
