1 0 0
0.999 0 0.001
0 0 1
1 0 0
0 0 1
0.988 0 0.012
0 0 1
0.909 0 0.091
1 0 0
0.999 0 0.001
0 0 1
1 0 0
0 0 1
0 0 1
0.014 0 0.986
1 0 0
1 0 0
0.979 0 0.021
0.014 0 0.986
0.001 0 0.999
0.001 0 0.999
0.022 0 0.978
0.007 0 0.993
0.316 0 0.684
0.005 0 0.995
0.964 0 0.036
1 0 0
0.001 0 0.999
1 0 0
0.958 0 0.042
1 0 0
0.698 0 0.302
1 0 0
1 0 0
1 0 0
1 0 0
1 0 0
1 0 0
0.995 0 0.005
0.999 0 0.001
1 0 0
1 0 0
1 0 0
1 0 0
0.997 0 0.003
1 0 0
1 0 0
1 0 0
1 0 0
1 0 0
1 0 0
1 0 0
1 0 0
1 0 0
1 0 0
0.996 0 0.004
1 0 0
0.999 0 0.001
0.999 0 0.001
1 0 0
1 0 0
1 0 0
0.999 0 0.001
1 0 0
1 0 0
0 1 0
0 1 0
0 0 1
0 0 1
0 1 0
0.002 0.998 0
0 1 0
0 1 0
0 1 0
0 1 0
0 1 0
0 1 0
0 1 0
