1 0 0
1 0 0
0 0 1
1 0 0
1 0 0
1 0 0
1 0 0
1 0 0
1 0 0
1 0 0
1 0 0
1 0 0
1 0 0
1 0 0
1 0 0
1 0 0
1 0 0
1 0 0
1 0 0
1 0 0
1 0 0
1 0 0
0 0 1
1 0 0
1 0 0
0.017 0.983 0
0 1 0
1 0 0
0 1 0
0.998 0.002 0
0 1 0
0.111 0.889 0
1 0 0
0.997 0.003 0
0 1 0
1 0 0
0 1 0
0 1 0
0.035 0.965 0
1 0 0
0.987 0.013 0
0 1 0
0.001 0.999 0
0 1 0
0.109 0.891 0
0.001 0.999 0
0.017 0.983 0
0.989 0.011 0
0.05 0.95 0
0.01 0.99 0
1 0 0
0.001 0.999 0
0.996 0.004 0
0.309 0.691 0
1 0 0
0.883 0.117 0
1 0 0
0.999 0.001 0
1 0 0
0.997 0.003 0
1 0 0
0.941 0.059 0
1 0 0
1 0 0
1 0 0
1 0 0
1 0 0
1 0 0
1 0 0
1 0 0
1 0 0
1 0 0
1 0 0
1 0 0
1 0 0
1 0 0
1 0 0
1 0 0
1 0 0
1 0 0
1 0 0
1 0 0
0.999 0.001 0
1 0 0
1 0 0
1 0 0
1 0 0
1 0 0
