1 0
1 0
1 0
1 0
1 0
1 0
1 0
1 0
1 0
1 0
1 0
1 0
1 0
1 0
1 0
1 0
1 0
1 0
1 0
1 0
1 0
1 0
0 1
1 0
0.988 0.012
0.006 0.994
0 1
1 0
0 1
0.996 0.004
0 1
0.428 0.572
1 0
0.996 0.004
0 1
1 0
0 1
0 1
0.044 0.956
1 0
0.96 0.04
0 1
0.007 0.993
0 1
0.042 0.958
0.009 0.991
0.038 0.962
0.933 0.067
0.129 0.871
0 1
1 0
0.007 0.993
0.999 0.001
0.054 0.946
1 0
0.923 0.077
1 0
1 0
1 0
0.997 0.003
1 0
0.933 0.067
1 0
1 0
1 0
0.999 0.001
1 0
1 0
1 0
1 0
1 0
1 0
1 0
1 0
1 0
1 0
1 0
1 0
1 0
1 0
1 0
0.999 0.001
0.999 0.001
1 0
0.999 0.001
0.999 0.001
1 0
0.999 0.001
