1 0 0 0
0.999 0 0.001 0
0 0 1 0
1 0 0 0
0 0 1 0
0.99 0 0.01 0
0 0 1 0
0.917 0 0.083 0
1 0 0 0
0.999 0 0.001 0
0 0 1 0
1 0 0 0
0 0 1 0
0 0 1 0
0.007 0 0.993 0
1 0 0 0
1 0 0 0
0 0 0 1
0.011 0 0.989 0
0.002 0 0.998 0
0.001 0 0.999 0
0.02 0 0.98 0
0.007 0 0.993 0
0.292 0 0.708 0
0.006 0 0.994 0
0.96 0 0.04 0
1 0 0 0
0.002 0 0.998 0
1 0 0 0
0.962 0 0.038 0
1 0 0 0
0.68 0 0.32 0
1 0 0 0
1 0 0 0
1 0 0 0
1 0 0 0
1 0 0 0
0 0 0 1
0.993 0 0.007 0
0.999 0 0.001 0
0 0 0 1
1 0 0 0
1 0 0 0
1 0 0 0
0.996 0 0.004 0
1 0 0 0
1 0 0 0
1 0 0 0
1 0 0 0
1 0 0 0
1 0 0 0
1 0 0 0
1 0 0 0
1 0 0 0
1 0 0 0
0.992 0 0.008 0
1 0 0 0
0.999 0 0.001 0
0.999 0 0.001 0
1 0 0 0
1 0 0 0
1 0 0 0
0.999 0 0.001 0
1 0 0 0
1 0 0 0
0 1 0 0
0 1 0 0
0 0 1 0
0 0 1 0
0 1 0 0
0.002 0.998 0 0
0 1 0 0
0 1 0 0
0 1 0 0
0 1 0 0
0 1 0 0
0 1 0 0
0 1 0 0
