Title line:"  "
MsSh18
MsSh20
AAC20
AAT20
RBG27
RBG29
K16
AAT27
LZ2
RBG18
K6
Calbo1
Calbo2
Calbo5
Calbo35
Calbo40
Pop
2018-Cold, 0505 0000 0000 0202 0404 0202 0304 0303 0101 0104 0202 0000 0000 0203 0306 0000
2018-Cold, 0104 0204 0203 0203 0404 0202 0404 0303 0102 0202 0202 0101 0708 0203 0506 0505
2018-Cold, 0101 0204 0303 0202 0404 0202 0304 0303 0102 0103 0202 0101 0714 0202 0109 0205
2018-Cold, 0101 0203 0303 0202 0404 0202 0404 0103 0202 0202 0202 0101 1113 0203 0508 0405
2018-Cold, 0407 0102 0303 0202 0405 0202 0304 0303 0202 0202 0202 0202 0709 0203 0606 0407
2018-Cold, 0405 0204 0303 0202 0505 0202 0404 0303 0202 0303 0202 0000 0115 0203 0506 0808
2018-Cold, 0101 0202 0303 0202 0405 0202 0404 0304 0202 0101 0000 0101 1111 0203 0506 0404
2018-Cold, 0101 0202 0303 0202 0404 0202 0304 0103 0102 0101 0202 0101 0912 0202 0507 0808
2018-Cold, 0101 0404 0303 0202 0304 0202 0304 0303 0102 0202 0202 0101 0611 0202 0506 0207
2018-Cold, 0105 0202 0303 0202 0304 0202 0404 0203 0202 0102 0202 0202 0911 0202 0306 0608
2018-Cold, 0104 0204 0303 0203 0304 0202 0304 0303 0202 0101 0202 0101 0709 0203 0608 0408
2018-Cold, 0105 0204 0203 0202 0405 0202 0404 0303 0202 0102 0202 0101 0107 0203 0507 0409
2018-Cold, 0101 0204 0203 0303 0304 0202 0304 0303 0102 0202 0202 0101 0709 0203 0507 0808
2018-Cold, 0405 0202 0203 0202 0405 0202 0404 0303 0202 0202 0202 0202 0911 0102 0307 0207
2018-Cold, 0101 0204 0203 0202 0405 0202 0404 0303 0202 0102 0202 0101 1014 0203 0506 0808
2018-Cold, 0101 0204 0203 0202 0405 0202 0304 0303 0202 0202 0202 0101 0611 0203 0506 0405
2018-Cold, 0101 0202 0303 0202 0304 0202 0303 0303 0101 0202 0202 0101 0209 0203 0307 0205
2018-Cold, 0305 0204 0303 0202 0405 0202 0303 0303 0202 0202 0202 0101 0709 0203 0507 0404
2018-Cold, 0407 0202 0303 0202 0405 0202 0304 0303 0202 0102 0202 0101 0509 0203 0506 0407
2018-Cold, 0105 0202 0303 0202 0304 0202 0304 0303 0102 0203 0202 0101 0911 0102 0506 0208
2018-Cold, 0104 0202 0203 0303 0405 0202 0404 0303 0202 0202 0202 0101 0709 0102 0607 0407
2018-Cold, 0103 0202 0303 0203 0304 0202 0304 0303 0102 0302 0202 0101 0911 0102 0304 0202
2018-Cold, 0106 0202 0303 0203 0406 0202 0303 0303 0202 0102 0202 0202 1213 0203 0505 0404
2018-Cold, 0104 0202 0303 0303 0304 0202 0404 0303 0202 0203 0000 0101 0211 0102 0000 0206
Pop
2016-Warm, 0105 0202 0203 0202 0404 0202 0303 0303 0202 0102 0202 0101 0813 0203 0506 0407
2016-Warm, 0105 0202 0203 0102 0405 0102 0304 0203 0102 0102 0102 0101 1113 0202 0607 0207
2016-Warm, 0101 0204 0203 0202 0104 0102 0103 0303 0202 0102 0102 0202 0608 0203 0306 0406
2016-Warm, 0104 0202 0203 0202 0404 0202 0304 0303 0202 0203 0202 0202 0610 0202 0405 0406
2016-Warm, 0101 0202 0203 0102 0104 0102 0204 0303 0202 0103 0102 0101 0615 0202 0305 0407
2016-Warm, 0104 0202 0303 0203 0404 0202 0304 0303 0202 0202 0202 0101 0611 0202 0506 0408
2016-Warm, 0404 0202 0203 0202 0104 0202 0103 0303 0202 0101 0102 0101 0613 0202 0505 0408
2016-Warm, 0104 0202 0102 0202 0104 0202 0303 0303 0102 0202 0202 0102 0607 0202 0306 0000
2016-Warm, 0105 0202 0303 0202 0404 0202 0304 0303 0102 0103 0202 0000 0607 0202 0506 0707
2016-Warm, 0101 0204 0303 0202 0405 0202 0303 0303 0102 0203 0202 0202 0611 0202 0306 0508
2016-Warm, 0104 0202 0303 0203 0104 0102 0304 0303 0102 0102 0102 0202 0611 0203 0506 0408
2016-Warm, 0101 0202 0203 0202 0405 0202 0303 0303 0102 0102 0202 0202 0512 0203 0505 0506
2016-Warm, 0101 0202 0303 0203 0104 0102 0204 0303 0101 0103 0102 0202 0613 0202 0305 0808
2016-Warm, 0101 0202 0203 0203 0104 0102 0103 0203 0102 0203 0102 0202 1112 0203 0506 0408
2016-Warm, 0101 0204 0203 0202 0104 0102 0404 0303 0101 0303 0102 0101 1112 0202 0607 0204
2016-Warm, 0101 0204 0203 0202 0405 0202 0304 0303 0202 0103 0202 0101 0506 0202 0508 0607
2016-Warm, 0105 0202 0203 0203 0405 0202 0303 0303 0102 0103 0102 0000 0211 0202 0506 0408
2016-Warm, 0102 0204 0303 0203 0205 0102 0304 0000 0102 0103 0102 0102 0709 0202 0506 0407
2016-Warm, 0101 0202 0303 0202 0104 0102 0404 0000 0202 0202 0102 0102 0809 0202 0305 0809
2016-Warm, 0104 0202 0203 0203 0104 0102 0304 0303 0202 0202 0102 0202 0611 0202 0506 0708
2016-Warm, 0101 0202 0303 0203 0104 0102 0304 0303 0202 0102 0202 0102 0209 0202 0506 0404
2016-Warm, 0101 0202 0202 0303 0104 0202 0304 0203 0202 0202 0102 0102 0608 0203 0606 0405
2016-Warm, 0105 0202 0303 0202 0104 0102 0404 0303 0102 0203 0102 0202 0607 0203 0405 0405
2016-Warm, 0104 0202 0303 0203 0405 0102 0304 0303 0102 0202 0000 0102 0814 0203 0405 0405
2016-Warm, 0404 0202 0303 0202 0104 0102 0404 0303 0102 0102 0202 0101 0812 0303 0306 0000
2016-Warm, 0104 0202 0303 0202 0405 0102 0303 0202 0102 0103 0102 0101 0913 0202 0305 0404
2016-Warm, 0101 0202 0203 0202 0405 0202 0404 0202 0202 0103 0202 0202 0510 0203 0506 0506
2016-Warm, 0404 0202 0203 0203 0104 0102 0304 0303 0101 0101 0102 0102 0410 0202 0506 0507
2016-Warm, 0105 0202 0303 0202 0404 0202 0404 0303 0101 0102 0102 0102 0506 0303 0306 0408
2016-Warm, 0405 0202 0303 0202 0405 0102 0303 0303 0202 0102 0102 0102 0612 0202 0305 0405
2016-Warm, 0101 0202 0202 0202 0405 0202 0304 0203 0202 0103 0202 0202 0715 0203 0506 0000
2016-Warm, 0104 0202 0203 0203 0104 0202 0404 0303 0202 0103 0202 0102 0911 0202 0506 0407
Pop
1997-Warm, 0104 0202 0303 0202 0404 0202 0404 0303 0202 0103 0202 0000 0610 0203 0505 0406
1997-Warm, 0104 0202 0203 0202 0405 0202 0304 0303 0202 0202 0102 0101 0711 0203 0506 0406
1997-Warm, 0101 0202 0303 0203 0505 0202 0404 0303 0102 0102 0202 0102 0711 0203 0306 0208
1997-Warm, 0101 0202 0203 0000 0404 0202 0304 0303 0202 0103 0102 0102 0711 0203 0306 0208
1997-Warm, 0104 0202 0303 0202 0405 0202 0304 0303 0202 0102 0102 0101 0710 0203 0306 0707
1997-Warm, 0102 0204 0303 0202 0404 0202 0304 0303 0202 0203 0102 0101 0811 0203 0505 0205
1997-Warm, 0404 0204 0303 0202 0405 0202 0404 0303 0202 0102 0202 0102 0710 0202 0306 0404
1997-Warm, 0101 0202 0303 0202 0404 0202 0404 0303 0202 0102 0202 0101 0407 0202 0306 0808
1997-Warm, 0102 0202 0202 0203 0404 0202 0304 0303 0202 0303 0202 0101 0712 0203 0606 0609
1997-Warm, 0101 0202 0203 0203 0404 0202 0303 0303 0202 0103 0202 0101 0814 0203 0606 0708
1997-Warm, 0101 0202 0203 0202 0404 0202 0304 0303 0202 0203 0202 0102 0305 0202 0406 0407
1997-Warm, 0104 0202 0203 0202 0404 0202 0404 0303 0102 0202 0202 0101 0811 0203 0607 0507
1997-Warm, 0101 0204 0203 0202 0404 0202 0404 0303 0102 0101 0202 0101 0814 0203 0607 0508
1997-Warm, 0104 0202 0203 0202 0404 0202 0304 0303 0202 0101 0202 0102 0210 0202 0406 0509
1997-Warm, 0101 0202 0303 0000 0405 0202 0303 0303 0202 0102 0202 0102 1214 0202 0607 0709
1997-Warm, 0101 0202 0303 0203 0405 0202 0304 0303 0102 0102 0202 0101 0710 0203 0607 0608
1997-Warm, 0101 0202 0303 0203 0405 0202 0404 0303 0102 0103 0202 0102 1011 0202 0203 0202
1997-Warm, 0105 0202 0202 0202 0404 0202 0404 0303 0102 0102 0202 0101 0710 0202 0407 0202
1997-Warm, 0104 0202 0202 0202 0404 0202 0404 0303 0102 0303 0202 0101 0507 0203 0407 0205
1997-Warm, 0101 0202 0203 0202 0404 0202 0404 0303 0102 0101 0202 0102 1112 0202 0304 0307
1997-Warm, 0101 0202 0303 0202 0404 0202 0304 0303 0202 0101 0202 0102 0406 0202 0305 0307
1997-Warm, 0105 0202 0202 0202 0404 0202 0404 0303 0202 0102 0202 0000 0609 0203 0305 0307
1997-Warm, 0101 0202 0303 0000 0404 0202 0404 0303 0102 0203 0000 0000 0611 0203 0406 0304
1997-Warm, 0104 0202 0203 0303 0404 0202 0404 0303 0202 0202 0202 0101 0407 0203 0405 0103
1997-Warm, 0105 0202 0203 0203 0405 0202 0404 0303 0202 0102 0202 0202 0000 0202 0507 0204
1997-Warm, 0105 0202 0203 0203 0404 0202 0404 0303 0202 0101 0000 0202 0607 0203 0506 0405
1997-Warm, 0405 0202 0203 0202 0404 0202 0304 0303 0202 0202 0202 0102 0611 0202 0305 0405
1997-Warm, 0405 0202 0303 0202 0404 0202 0404 0303 0202 0202 0202 0101 0509 0202 0305 0304
1997-Warm, 0404 0202 0303 0202 0404 0202 0304 0303 0202 0202 0202 0101 0212 0202 0506 0407
1997-Warm, 0105 0202 0203 0202 0404 0202 0304 0303 0101 0203 0202 0101 0612 0203 0506 0204
1997-Warm, 0104 0202 0303 0202 0404 0202 0404 0303 0202 0102 0202 0000 0204 0303 0607 0408
1997-Warm, 0105 0202 0203 0203 0404 0202 0304 0303 0102 0102 0000 0202 0204 0202 0606 0204
